
------------------------------------------------------------------------------------------------------------
------------------------------------------------------------------------------------------------------------
     1001                                                                                                   
      001 000                                                                                   1000        
     00   0001  00001                                                                   11   10001000       
    000   00   0001100   00011                                                   00 000000     00  100      
    00001100  00     00  000000      10001    11              1  1 1100    000   00  00        00  100      
   000 1100  100    100  00   00    000100 1000000        000000 000110    100   10  001        00000       
   00    00  001    001  00  000    00      00             00     00        000  10   00100     00  000     
  000   00   00     00  1000000     001     00             00     00         00  10   00110      00  1001   
1000   000  000    000  00 001       00     00100          00 00  00000       00 00   001        00    00011
 000  0001  00     001  00  00       100    00101          00100  001 0       00 10    00        100    1001
      1000  000   000  000  100       100  100             00     100          0010    00     00 1000       
             1000000   001   00        00  101             00     100          1001    000000000            
                      0000   1001 10   00  001             00      00     0     00     00111                
                               11  111001 1000111101       001    100111110  
							   
------------------------------------------------------------------------------------------------------------
------------------------------------------------------------------------------------------------------------                               						
                                                                            by Antonello Fodde & Paolo Manca
                                                                            
                                                                                                  
